distortion_coeffs: [0.06981980863464919, -0.2293512169497289, -0.00525889574956216,
    -0.001081794502850245]

intrinsics: [[1465.1743559463634, 0 , 501.5010208509487],
		[0,1478.4325536850997, 905.945757447447],
		[0,0,1]]
resolution: [1080, 1920]

